425313534198879
507827792578003
276736862445827
415172648531135
423909504336067
427058954016838
531421470217664
116363241850046
416427245087858
471969899514402
365751523497691
458068224236005
423254577711099
457746924265857
363259990416606
244040959051328
378176775592417
146272505517362
175494669254137
426335674091822
526096934070589
508718729141217
124509557696113
477363765618782
287316571381567
419233401457996
147926805352643
513900381973243
449025351802271
450227978354459
522295114452125
398342293566682
354777921274530
358732297540655
105573429597433
441941345858681
421454381246304
149635461845540
115101791976356
466242786741527
401034256630211
145880442224693
352937248131482
466713860036222
422623084463874
473830299316369
342838982478026
418027191590804
144881128990729
244110585711803
338512226241918
152949001514884
391017204301433
443912595659533
282273541888395
160641964074019
186251578177792
372006229541238
200885526711958
502494323097119
423801574333965
373538516054890
315858078511859
424812900913430
127741707372968
472573759449615
518530211495231
345536855540202
501773186510271
154311761377111
410034232385327
190779081057306
519665448062907
115765275241310
106897972798884
335459589883102
193271767473653
285265554916916
424164677648376
532676980082481
479889175378937
356087064483960
151588561650503
160568777415489
415764931820396
407561705978441
373893859354715
107224542765208
